4900345
6901180
6901181
1901209
1901210
1901211
1901214
1901215
1901217
1901218
3901667
3901668
3901669
4900607
4900608
4900609
4900610
4900611
4901801
5902269
5902297
5902298
5902299
5902300
5902302
5902303
5902304
5904988
5904989
6900346
6900643
6901022
6901023
6901025
6901026
6901027
6901028
6901029
6901030
6901480
6901481
6901482
6901484
6901485
6901486
6901489
6901515
6901517
6901519
6901521
6901522
6901523
6901524
6901525
6901526
6901527
6901592
6901646
6901647
6901751
6901752
6901753
6901754
6901755
6901762
6902686
6902800
6902802
6902805
6902808
6902818
6902881
6902886
6902888
6902896
6902967
6902970
6902976
6903030
6903032
6903034
7900566
4900494
4900879
4900880
4901141
4901142
4901779
4901780
4901781
4901782
4902383
4902384
4902386
4902409
4902410
4902480
4902481
